0.046
0.046
0.046
0.046
0.046
0.046
0.046
0.046
0.0919
0.046
0.0919
0.0919
0.046
0.046
0.046
0.1379
0.0919
0.0919
0.0919
0.046
0.046
0.046
0.046
0.0919
0.046
0.046
0.046
0.1379
0.0919
0.046
0.1379
0.046
0.046
0.0919
0.046
0.0919
0.0919
0.046
0.046
0.046
0.046
0.0919
0.046
0.046
0.046
0.046
0.046
0.046
0.046
0.046
0.046
0.046
0.046
0.046
0.0919
0.046
0.046
0.0919
0.046
0.046
0.0919
0.046
0.046
0.046
0.046
0.046
0.046
0.046
0.046
0.046
0.0919
0.0919
0.0919
0.2298
0.046
0.046
0.1838
0.0919
0.046
0.046
0.046
0.046
0.0919
0.046
0.1379
0.0919
0.046
0.046
0.046
0.1379
0.046
0.0919
0.046
0.046
0.046
0.046
0.046
0.0919
0.0919
0.046
0.1379
0.046
0.046
0.046
0.046
0.046
0.046
0.046
0.0919
0.046
0.1379
0.046
0.046
0.046
0.046
0.046
0.046
0.0919
0.1379
0.046
0.046
0.046
0.046
0.0919
0.046
0.046
0.046
0.0919
0.0919
0.046
0.046
0.0919
0.046
0.046
0.046
0.046
0.0919
0.1838
0.0919
0.0919
0.046
0.0919
0.0919
0.0919
0.046
0.046
0.046
0.046
0.0919
0.046
0.1838
0.046
0.046
0.046
0.0919
0.046
0.046
0.046
0.046
0.0919
0.046
0.046
0.0919
0.2757
0.046
0.046
0.046
0.046
0.046
0.046
0.1379
0.0919
0.0919
0.046
0.046
0.0919
0.046
0.046
0.046
0.0919
0.046
0.1838
0.0919
0.046
0.0919
0.0919
0.0919
0.046
0.046
0.046
0.046
0.1379
0.046
0.0919
0.0919
0.1379
0.046
0.1379
0.0919
0.046
0.046
0.046
0.0919
0.046
0.046
0.046
0.0919
0.046
0.046
0.046
0.0919
0.046
0.046
0.046
0.0919
0.1379
0.046
0.046
0.0919
0.046
0.046
0.0919
0.046
0.046
0.046
0.0919
0.1838
0.3217
0.3217
0.7812
8.6397
19.5312
53.079
0.9651
